      0/99    0.803G     0.116   0.02423   0.05054    0.1908        24       416   0.01259    0.2802  0.009806  0.002382    0.1057   0.01625   0.04731
      1/99    0.933G   0.09773    0.0278   0.04634    0.1719        27       416    0.1414     0.301    0.1233   0.04491   0.08237   0.01733   0.04181
      2/99    0.933G    0.0783   0.03245   0.04258    0.1533        25       416    0.2362    0.3581    0.2313    0.1297    0.0673    0.0158   0.03745
      3/99    0.933G   0.06524   0.03069   0.03918    0.1351        30       416    0.3022    0.4764    0.3185    0.1819   0.05884   0.01417   0.03364
      4/99    0.933G   0.06188   0.02876   0.03605    0.1267        28       416    0.4153    0.4493     0.373    0.1778   0.05577   0.01254   0.03114
      5/99    0.933G   0.05859   0.02638   0.03337    0.1183        36       416    0.5582    0.4931    0.4624    0.2226   0.05321   0.01171   0.02834
      6/99    0.933G   0.05732   0.02439    0.0306    0.1123        26       416    0.4756    0.5348    0.4472    0.2493   0.05514   0.01137   0.02628
      7/99    0.933G   0.05836   0.02456   0.02866    0.1116        28       416    0.5145    0.5634    0.5079    0.3129   0.05468     0.011   0.02403
      8/99    0.933G   0.05513   0.02392   0.02741    0.1065        34       416     0.513    0.4966    0.4812    0.3009   0.05465   0.01075   0.02319
      9/99    0.933G   0.05816   0.02196   0.02431    0.1044        21       416    0.3624    0.5453    0.4462    0.2673   0.05254   0.01125   0.02383
     10/99    0.933G   0.05535   0.02253   0.02372    0.1016        24       416    0.4225    0.6281    0.5168    0.2585    0.0557   0.01036   0.02153
     11/99    0.933G   0.05362    0.0222    0.0246    0.1004        25       416     0.399    0.5624    0.4689    0.2873   0.05254   0.01067   0.02074
     12/99    0.933G   0.05318   0.02245   0.02177    0.0974        32       416    0.4813    0.4615    0.4738    0.2747   0.05352   0.01044   0.01982
     13/99    0.933G   0.05293   0.02213    0.0215   0.09656        22       416    0.5716    0.4981    0.4743     0.267   0.05764   0.01054   0.02024
     14/99    0.933G    0.0552   0.02229   0.01996   0.09744        21       416    0.4936    0.5355    0.4616    0.2679   0.04928   0.01085   0.02294
     15/99    0.933G   0.05111   0.02228   0.01997   0.09336        25       416    0.5236    0.5473    0.5083    0.3001   0.05034   0.01087   0.02072
     16/99    0.933G   0.05023   0.02209   0.01879   0.09111        22       416    0.6193    0.4641    0.4977    0.2906   0.04739    0.0113   0.02381
     17/99    0.933G   0.05201   0.02128   0.01929   0.09258        26       416    0.5108    0.4678    0.4348    0.2132   0.05593   0.01151   0.03121
     18/99    0.933G   0.05041   0.02208   0.02018   0.09267        27       416    0.4943    0.5621    0.4755    0.2931   0.05016   0.01165   0.02343
     19/99    0.933G   0.04926   0.02319   0.02043   0.09288        24       416     0.642    0.4347     0.496    0.2883   0.04921   0.01232   0.02186
     20/99    0.933G   0.04743   0.02311   0.01898   0.08952        29       416    0.6334    0.4323    0.4795    0.3062   0.04902   0.01233   0.02558
     21/99    0.933G   0.04563   0.02334    0.0193   0.08827        37       416    0.4815    0.5777    0.4974    0.3022   0.04866   0.01231   0.02244
     22/99    0.933G   0.04693   0.02339   0.01712   0.08744        30       416    0.6325    0.4881    0.4972    0.3075     0.048   0.01232   0.02294
     23/99    0.933G   0.04347   0.02237   0.01692   0.08277        20       416    0.6293    0.4935    0.5178    0.3126   0.04577   0.01246   0.02145
     24/99    0.933G   0.04516   0.02167   0.01631   0.08313        21       416    0.6099    0.5162    0.5284    0.2898   0.04893   0.01186   0.01948
     25/99    0.933G   0.04565   0.02405   0.01666   0.08636        31       416    0.5438    0.4255    0.4267    0.2306   0.05234   0.01249   0.02521
     26/99    0.933G   0.04084   0.02205   0.01634   0.07923        16       416    0.5321    0.6386    0.5533    0.3396   0.04486    0.0119   0.02154
     27/99    0.933G   0.04278   0.02289   0.01516   0.08082        20       416    0.6342    0.4593    0.5398     0.329    0.0455   0.01217   0.02275
     28/99    0.933G    0.0422   0.02242   0.01596   0.08057        17       416    0.6188    0.5538    0.5646    0.3438   0.04654   0.01169   0.02251
     29/99    0.933G   0.04061   0.02093   0.01453   0.07608        19       416    0.6771    0.4951    0.5546    0.3366   0.04538   0.01187   0.01851
     30/99    0.933G   0.04189    0.0222   0.01445   0.07853        30       416    0.5173    0.5492    0.5264    0.3147   0.04517   0.01202   0.01995
     31/99    0.933G   0.04318   0.02214   0.01339   0.07872        29       416    0.5645    0.5715    0.5447    0.3247   0.04631   0.01194   0.01933
     32/99    0.933G   0.04092   0.02287   0.01247   0.07625        22       416    0.6769    0.5527    0.5465    0.3589   0.04661   0.01206   0.02474
     33/99    0.933G   0.04125    0.0224   0.01423   0.07788        46       416    0.5777    0.5247    0.5333    0.3295    0.0461   0.01219   0.02326
     34/99    0.933G    0.0399   0.02087   0.01408   0.07485        22       416     0.552    0.5802    0.5651     0.361   0.04582   0.01238   0.02254
     35/99    0.933G   0.03997   0.02211   0.01258   0.07466        27       416    0.6432    0.5514    0.5549    0.3537   0.04658   0.01256   0.02423
     36/99    0.933G   0.03919   0.02266   0.01225    0.0741        25       416    0.6738    0.5226    0.5842    0.3765   0.04505   0.01225   0.02447
     37/99    0.933G   0.03908    0.0217   0.01219   0.07296        33       416    0.6984    0.4571     0.568    0.3476   0.04638   0.01248   0.02148
     38/99    0.933G   0.03993   0.02202   0.01127   0.07321        26       416    0.7718    0.4401    0.5424    0.3607   0.04481   0.01263   0.02542
     39/99    0.933G   0.03694   0.02075   0.01251   0.07021        39       416    0.5204    0.4932    0.5097    0.3105    0.0442   0.01257   0.02343
     40/99    0.933G    0.0377   0.02184   0.01127   0.07081        36       416      0.55    0.4399    0.4645    0.2854   0.04622   0.01289   0.02296
     41/99    0.933G   0.03876   0.02154   0.01133   0.07163        37       416    0.5819    0.4961      0.48    0.2938   0.04566   0.01323   0.02288
     42/99    0.933G   0.03829   0.02149   0.01174   0.07153        31       416    0.5103    0.5903    0.5297    0.3406   0.04424    0.0128   0.02574
     43/99    0.933G   0.03742   0.02096   0.01191   0.07029        15       416     0.701    0.5681    0.5888    0.3654   0.04379   0.01251   0.02161
     44/99    0.933G   0.03702   0.02136   0.01111   0.06949        21       416    0.7095    0.4825    0.5715    0.3673    0.0427   0.01241   0.01925
     45/99    0.933G   0.03505   0.02041   0.01092   0.06638        19       416    0.6236    0.4995    0.5624    0.3593   0.04326   0.01258   0.01948
     46/99    0.933G   0.03598   0.02007   0.01092   0.06696        24       416    0.5255    0.5843    0.5252    0.3052   0.04308   0.01259   0.01615
     47/99    0.933G   0.03629   0.02069   0.01053   0.06751        19       416    0.5625    0.5548    0.5532    0.3546   0.04383   0.01224   0.01827
     48/99    0.933G   0.03627    0.0206   0.01016   0.06703        30       416    0.5806    0.4385    0.5001    0.3248    0.0444   0.01278   0.02552
     49/99    0.933G   0.03601   0.02032   0.01139   0.06772        24       416    0.6141    0.5486     0.569    0.3645   0.04542   0.01252   0.02045
     50/99    0.933G   0.03574   0.01974   0.01021   0.06569        20       416    0.6557    0.5729    0.5849    0.3694   0.04312   0.01228   0.02476
     51/99    0.933G   0.03562   0.02124   0.01015   0.06701        25       416    0.5928    0.5678    0.5766    0.3794   0.04158   0.01261   0.01853
     52/99    0.933G   0.03464   0.01975   0.00966   0.06405        18       416    0.7006    0.5104    0.5622    0.3777   0.04332   0.01225   0.01919
     53/99    0.933G   0.03582   0.02099  0.009122   0.06593        30       416    0.6853    0.5244    0.6024    0.3844   0.04133   0.01263   0.01695
     54/99    0.933G   0.03371   0.01823  0.007844   0.05978        17       416    0.5827    0.5921    0.5786    0.3773   0.04141   0.01261   0.01835
     55/99    0.933G   0.03389   0.01976  0.007757   0.06141        18       416    0.5513    0.6013    0.5733    0.3812   0.04174   0.01256   0.02038
     56/99    0.933G   0.03331   0.01965  0.007927   0.06089        26       416    0.5816    0.6093    0.5805    0.3835   0.03979   0.01261   0.01975
     57/99    0.933G   0.03417   0.01929  0.007285   0.06074        23       416    0.7404    0.5043    0.5961    0.3885   0.03996   0.01246   0.01901
     58/99    0.933G   0.03316   0.01871  0.007871   0.05974        22       416    0.7059    0.5365    0.6118    0.4188   0.03981   0.01202   0.01986
     59/99    0.933G   0.03322   0.01904  0.008389   0.06065        22       416     0.632    0.5807    0.6007    0.4186   0.03974   0.01201   0.01964
     60/99    0.933G   0.03213   0.01875  0.008079   0.05895        25       416    0.6834    0.5782    0.6038    0.4127   0.03989   0.01258   0.02028
     61/99    0.933G    0.0317   0.01782  0.008308   0.05782        26       416    0.6248    0.5857    0.5842    0.4025   0.04068   0.01252   0.01808
     62/99    0.933G   0.03229   0.01863  0.007488   0.05841        31       416    0.6471    0.5532    0.5702      0.38    0.0421   0.01246   0.02111
     63/99    0.933G   0.03168   0.01893  0.007283   0.05789        18       416    0.6582    0.6343    0.6181    0.4227   0.04051   0.01179   0.02325
     64/99    0.933G   0.03122   0.01804    0.0076   0.05687        21       416    0.6728    0.5751    0.6286    0.4276    0.0398    0.0118   0.01816
     65/99    0.933G   0.03166   0.01861   0.00615   0.05642        18       416    0.6329    0.6105    0.5983    0.3994   0.04035   0.01197   0.01869
     66/99    0.933G   0.03073   0.01714  0.006785   0.05466        39       416    0.6391    0.5815    0.5863    0.3994   0.04019   0.01242    0.0187
     67/99    0.933G   0.03058   0.01818  0.005568   0.05432        30       416    0.6812    0.5179     0.575    0.3897   0.04012   0.01236   0.02239
     68/99    0.933G   0.02967   0.01722   0.00662   0.05351        21       416    0.6215    0.5935    0.5965    0.4246    0.0399   0.01272    0.0242
     69/99    0.933G   0.03082   0.01863  0.006456   0.05591        25       416    0.6191    0.5977    0.5879    0.4036   0.03935    0.0126   0.02209
     70/99    0.933G   0.02946   0.01686  0.005919   0.05225        24       416    0.7465     0.528    0.5796    0.3973   0.04029   0.01307   0.02277
     71/99    0.933G   0.02975   0.01749  0.006153   0.05339        23       416     0.739    0.5327    0.5825    0.4093   0.04085   0.01293   0.02236
     72/99    0.933G   0.03029   0.01713  0.006557   0.05398        21       416    0.6534    0.5312    0.5583    0.3831   0.04114   0.01284   0.02321
     73/99    0.933G   0.03045   0.01774  0.006082   0.05427        30       416    0.5558    0.6058    0.5681    0.3989   0.04022   0.01238   0.02235
     74/99    0.933G   0.02941   0.01718  0.005933   0.05252        28       416     0.676    0.5426    0.5802    0.4153   0.03974   0.01249    0.0217
     75/99    0.933G   0.02864   0.01695   0.00574   0.05133        21       416    0.6978    0.5368    0.5794    0.4076   0.03988   0.01252   0.02198
     76/99    0.933G   0.02937    0.0165  0.004713   0.05058        25       416    0.6282     0.573     0.594    0.4204   0.03959   0.01234   0.02224
     77/99    0.933G   0.02881   0.01629  0.004675   0.04977        35       416    0.5902    0.6427    0.6156    0.4384   0.03955    0.0122   0.01946
     78/99    0.933G   0.02854   0.01638   0.00624   0.05116        29       416    0.6472    0.6029     0.626    0.4436   0.03899   0.01231   0.02275
     79/99    0.933G    0.0286   0.01722  0.005363   0.05118        20       416    0.6784    0.6012    0.6118    0.4382   0.03966   0.01243   0.02462
     80/99    0.933G   0.02699   0.01699  0.004691   0.04868        20       416    0.6995      0.59    0.5971    0.4219   0.03987   0.01247   0.02432
     81/99    0.933G   0.02826   0.01667  0.004414   0.04935        21       416    0.6219     0.612    0.6019    0.4308   0.03912   0.01262   0.02127
     82/99    0.933G   0.02736    0.0168  0.004286   0.04844        28       416    0.6432    0.5434    0.5806    0.4156   0.03934   0.01299   0.02454
     83/99    0.933G   0.02733    0.0165  0.004611   0.04844        32       416    0.6737    0.5765    0.5941     0.419   0.03998   0.01292    0.0206
     84/99    0.933G   0.02667   0.01626  0.005078   0.04801        21       416    0.7129    0.5498    0.6006    0.4143    0.0392   0.01269    0.0223
     85/99    0.933G   0.02688   0.01629  0.003434   0.04661        35       416    0.6781    0.5603    0.5997    0.4235   0.03897   0.01279   0.02159
     86/99    0.933G   0.02647   0.01617  0.004222   0.04687        31       416    0.7075    0.5616    0.6006    0.4306   0.03856   0.01295   0.02124
     87/99    0.933G   0.02697   0.01683  0.005045   0.04884        25       416    0.6439    0.5318    0.5782    0.4134    0.0385   0.01337    0.0267
     88/99    0.933G   0.02617   0.01526  0.005213   0.04665        18       416    0.6758    0.5675    0.5908    0.4284   0.03836   0.01299   0.02193
     89/99    0.933G   0.02633   0.01463  0.005734    0.0467        38       416    0.6914    0.5732    0.6295    0.4465   0.03858   0.01274   0.01699
     90/99    0.933G    0.0266   0.01568  0.004965   0.04725        24       416    0.7804    0.5509    0.6408    0.4556    0.0384    0.0126   0.01942
     91/99    0.933G   0.02591   0.01527  0.004215   0.04539        21       416    0.7486    0.5584    0.6396    0.4513   0.03847   0.01264   0.02044
     92/99    0.933G   0.02538   0.01539   0.00455   0.04532        22       416    0.7078    0.5696    0.6352    0.4503    0.0382    0.0127   0.01951
     93/99    0.933G   0.02571   0.01486  0.003482   0.04405        20       416    0.7211    0.5807    0.6446    0.4448    0.0385    0.0128   0.02048
     94/99    0.933G   0.02671   0.01608  0.003128   0.04591        26       416    0.6134     0.637    0.6234    0.4298     0.039   0.01305   0.02099
     95/99    0.933G   0.02577    0.0157  0.004106   0.04557        20       416    0.6342    0.6032    0.6133    0.4241   0.03907   0.01345   0.02112
     96/99    0.933G   0.02585   0.01471  0.003997   0.04456        34       416    0.5917    0.6162    0.6042      0.41     0.039   0.01361   0.02346
     97/99    0.933G   0.02547   0.01578  0.004602   0.04585        18       416    0.6828    0.5739    0.6145    0.4395   0.03938   0.01353   0.02368
     98/99    0.933G   0.02572   0.01525  0.004017   0.04498        28       416    0.6662    0.5939    0.6188    0.4426    0.0397   0.01332   0.02275
     99/99    0.933G   0.02525   0.01561  0.004207   0.04506        27       416    0.6245    0.6194    0.6201    0.4424   0.03951   0.01344   0.02042
